22
53
60
36
5
5
1
56
51
1
1
23
62
1
27
18
22
56
35
25
39
43
5
74
53
73
28
20
38
61
31
1
53
46
31
22
1
48
28
6
37
22
43
1
1
51
75
32
1
33
1
27
37
50
69
27
1
35
36
37
26
39
31
1
31
6
64
1
67
52
50
28
9
43
36
33
25
57
1
38
50
1
27
35
25
56
101
1
22
2
43
18
71
26
21
1
66
51
33
32
37
1
23
1
1
26
42
37
63
20
7
1
8
19
48
3
19
49
50
36
1
29
43
6
56
21
9
61
11
38
61
27
10
29
4
1
51
27
25
25
28
39
27
12
47
1
1
48
4
57
64
64
39
52
11
88
31
32
1
59
46
1
50
39
36
37
26
33
41
1
50
1
22
9
10
27
50
37
44
33
26
32
66
41
61
5
56
35
66
29
35
34
52
28
1
23
36
1
29
35
50
1
1
12
35
45
27
26
22
26
22
56
1
31
45
20
39
58
1
31
1
39
1
1
44
20
50
1
39
68
4
74
1
55
11
31
38
56
56
3
94
51
37
31
36
1
13
43
1
35
32
21
20
10
41
20
37
23
22
74
48
51
19
74
10
1
32
37
50
29
50
1
41
1
46
1
22
48
26
41
32
32
9
1
55
1
21
67
74
38
22
27
32
49
1
63
60
1
33
41
31
26
29
9
26
15
74
1
51
20
1
21
21
31
28
29
2
26
22
2
18
50
66
50
30
19
34
52
47
32
49
22
51
30
63
52
37
34
24
28
70
46
40
1
50
24
21
22
56
1
32
18
1
48
20
49
14
65
41
27
52
66
20
37
28
1
55
42
27
43
20
33
4
15
2
17
31
2
1
50
74
48
28
47
27
35
127
35
74
27
37
32
51
35
31
24
40
1
17
37
27
48
9
3
101
30
58
22
35
42
26
58
40
1
49
25
74
44
27
26
14
36
32
2
12
8
25
34
74
40
42
59
29
19
58
51
38
40
29
43
60
38
36
28
30
1
25
1
30
8
51
24
1
23
66
66
48
27
24
19
48
18
2
32
44
35
32
38
52
39
34
31
1
31
1
45
21
56
4
38
38
50
26
26
17
72
110
23
68
27
23
34
45
31
19
1
51
49
43
1
1
1
30
19
66
46
25
3
41
1
45
1
29
53
44
1
41
30
23
35
7
59
61
30
5
37
1
30
35
8
56
41
27
1
66
46
22
23
131
41
47
1
25
27
56
43
35
33
25
26
21
30
15
1
40
39
1
37
27
61
67
1
1
33
21
33
38
53
37
62
38
34
11
26
12
31
1
47
11
50
1
23
34
11
47
66
26
38
34
1
56
5
40
56
35
27
45
26
21
34
40
33
23
22
43
1
31
1
50
65
20
25
28
19
5
49
35
51
22
30
35
52
37
1
37
41
61
23
1
1
26
15
43
61
43
20
51
52
41
1
1
29
74
9
1
25
57
22
6
1
30
27
1
1
31
35
22
51
50
30
22
27
32
1
56
1
61
28
31
14
26
80
32
1
56
65
24
56
1
1
45
22
23
61
32
56
18
25
22
66
27
1
1
50
1
27
26
22
39
35
43
3
9
72
36
61
18
1
30
36
1
22
1
4
50
1
73
1
23
40
11
58
1
35
44
53
46
1
1
50
36
63
23
120
48
39
1
23
1
18
36
23
27
26
1
31
1
1
1
32
27
1
15
74
26
19
40
16
1
1
40
18
61
3
1
42
1
21
35
60
41
18
52
40
20
31
26
1
32
26
20
36
33
74
61
22
4
1
37
2
25
1
74
36
25
52
50
1
19
1
37
43
30
34
1
60
1
1
15
1
16
1
47
61
24
50
33
50
23
40
48
50
1
27
46
50
1
20
17
1
26
43
58
18
22
1
38
46
43
30
25
1
26
32
51
47
55
34
50
49
48
52
37
37
20
41
52
19
27
38
50
34
24
16
1
48
23
1
20
20
52
21
33
40
49
1
63
21
38
65
30
60
26
39
61
28
38
50
85
1
37
41
37
29
30
62
41
23
36
18
41
1
56
49
1
30
30
44
30
44
1
22
29
56
37
14
66
1
23
19
1
48
50
67
23
22
21
16
1
19
25
61
26
25
37
49
26
74
51
27
51
21
39
38
38
22
34
39
21
32
12
34
19
21
42
5
38
40
50
22
23
1
24
29
1
22
1
24
34
74
41
19
1
17
146
31
1
35
32
1
66
50
43
28
60
60
9
21
20
18
1
56
1
30
21
65
65
38
25
41
1
15
56
5
54
20
50
26
1
31
52
63
53
64
21
25
1
23
27
54
26
1
1
1
36
47
28
4
63
35
1
26
28
52
1
41
1
51
61
34
66
32
24
1
70
1
47
30
56
35
41
1
53
30
74
40
29
35
36
49
24
1
31
15
44
25
49
25
40
35
1
35
56
50
18
1
35
22
50
1
57
74
31
31
17
35
1
40
39
44
6
66
41
37
26
1
61
20
1
33
53
15
35
34
39
49
15
41
23
24
36
60
66
26
31
5
23
14
1
39
61
47
34
59
43
18
38
26
23
19
40
51
21
60
45
2
57
40
61
16
31
1
23
30
1
1
5
27
65
1
37
41
48
32
27
51
35
10
16
9
26
37
61
34
1
59
52
12
48
35
1
51
29
3
28
45
54
74
20
37
44
61
43
56
31
29
74
50
38
6
61
31
25
49
64
58
35
1
61
1
74
74
64
1
15
24
66
73
12
1
66
51
1
74
59
50
38
52
34
50
44
40
26
9
21
34
27
50
66
41
35
1
51
25
56
48
50
19
26
35
1
1
24
34
33
51
21
43
32
48
71
44
64
99
21
14
28
38
22
52
55
34
1
28
1
36
22
19
66
11
27
56
40
32
38
1
40
26
13
2
23
35
37
19
32
53
9
51
21
20
1
26
56
35
1
35
29
113
40
75
37
45
44
32
25
26
42
37
64
23
26
61
16
53
20
1
51
65
36
35
56
59
27
39
25
51
1
25
45
66
33
1
7
60
40
46
35
36
42
50
24
74
70
37
19
50
61
31
21
1
5
47
47
24
21
22
6
18
30
20
20
33
36
29
18
41
23
47
64
1
43
64
18
28
26
50
23
1
31
51
52
23
37
27
20
30
1
25
26
74
24
1
27
31
10
1
1
1
37
56
65
31
36
35
53
1
34
69
49
1
34
37
8
21
37
16
36
1
44
49
6
7
1
33
61
23
37
6
47
40
1
61
1
80
41
12
46
49
29
60
43
1
11
36
49
22
1
50
92
38
51
70
1
1
1
22
27
50
1
1
18
1
49
40
27
41
61
42
36
35
40
1
74
1
1
1
1
1
1
1
29
6