50
92
62
28
48
32
54
54
31
26
1
48
1
33
29
48
25
34
1
40
1
2
53
19
1
24
53
35
69
29
62
43
37
44
29
1
1
30
1
40
33
53
46
55
158
29
77
21
108
1
25
74
49
27
29
1
46
4
40
50
1
62
46
26
50
38
1
51
1
56
66
61
43
36
1
15
40
74
36
1
1
50
34
32
45
56
41
1
1
26
29
13
50
45
76
35
1
34
46
62
24
34
48
28
44
32
44
1
54
32
47
37
25
66
1
38
35
1
30
36
103
25
106
66
52
1
39
1
52
45
89
26
1
39
1
42
35
1
1
32
36
1
1
7
24
32
27
41
46
47
36
91
34
82
57
25
50
18
37
36
93
60
72
5
61
49
25
45
35
54
28
1
49
15
41
48
1
51
39
1
50
1
101
16
24
55
29
53
45
54
15
1
54
35
35
29
26
59
74
1
51
70
50
21
53
44
35
36
50
36
22
89
50
1
6
36
50
48
13
25
33
1
61
25
67
102
35
39
1
1
1
53
35
57
6
59
32
23
30
52
33
33
1
54
1
1
1
60
50
53
110
31
54
68
89
43
28
56
43
70
46
36
33
31
50
39
1
55
1
58
45
1
25
51
31
1
18
52
24
30
27
30
176
32
51
36
48
69
80
1
36
52
90
36
1
31
36
27
60
60
48
46
45
35
34
109
62
28
47
14
29
49
44
32
38
1
91
1
20
53
32
37
42
7
1
61
86
67
97
55
70
33
54
24
44
22
58
47
39
88
40
38
28
19
25
30
74
44
35
52
29
41
38
20
44
18
1
37
48
36
1
35
74
57
82
1
6
45
39
66
29
27
53
1
31
28
26
11
40
22
1
36
42
15
33
45
1
51
1
1
44
47
39
54
29
21
30
18
31
49
25
47
50
45
37
39
24
32
38
54
20
35
7
33
50
23
76
34
25
26
47
40
41
36
1
33
39
48
39
47
60
1
51
34
22
29
45
36
54
32
77
38
45
53
36
72
18
65
52
38
33
89
50
1
1
57
24
61
50
40
111
36
44
1
44
31
29
32
49
6
36
26
30
5
45
1
37
153
70
53
35
25
97
7
74
32
54
47
40
28
36
1
20
74
3
29
48
1
61
30
90
45
53
50
29
63
37
35
1
46
28
36
35
51
26
53
60
32
35
3
27
19
54
13
49
37
47
45
1
51
31
1
24
33
48
48
34
19
91
17
34
48
1
23
54
54
28
28
25
49
25
22
9
32
27
42
43
39
29
62
1
29
93
46
1
103
51
3
1
9
38
45
49
24
1
28
52
31
35
31
149
1
36
1
1
7
28
91
42
31
54
14
30
52
36
1
31
19
39
11
56
31
104
24
49
1
8
74
27
53
1
25
25
31
31
42
47
49
89
1
68
79
28
36
50
10
48
30
1
7
37
67
59
152
22
104
47
61
50
45
56
19
38
1
1
31
9
31
21
49
54
34
32
55
26
53
25
35
50
14
80
47
67
72
26
25
43
1
1
38
35
7
61
1
53
38
10
1
31
48
60
31
1
9
35
1
1
45
1
31
43
34
55
32
35
25
37
61
41
45
51
34
33
45
31
1
44
52
47
43
1
62
1
29
16
48
45
52
49
66
1
50
86
32
1
21
51
28
38
55
53
55
56
74
35
1
32
34
30
89
32
50
30
45
53
41
73
23
22
7
37
104
32
1
31
44
1
9
15
35
1
21
77
105
45
1
41
23
65
1
32
30
1
35
46
67
23
1
70
46
38
1
36
61
77
54
34
43
48
19
10
40
55
30
56
51
54
89
43
54
46
1
1
23
40
30
33
1
52
46
1
1
25
29
1
1
31
45
50
139
22
61
28
9
32
7
47
10
41
45
30
45
44
18
37
36
36
45
46
56
36
52
37
20
34
46
1
302
57
41
32
30
5
11
74
54
70
11
6
45
62
1
45
33
34
45
41
39
1
34
47
77
43
6
51
46
1
31
52
34
26
25
4
43
30
1
41
45
55
1
31
22
48
36
36
16
16
1
1
92
40
45
6
89
46
1
63
62
26
35
48
1
44
50
50
89
1
44
74
36
1
53
49
54
49
27
52
52
50
1
31
25
26
28
17
52
48
66
40
47
87
47
32
20
47
106
61
42
60
35
37
47
37
31
54
21
74
30
52
39
70
25
1
47
89
32
1
43
31
44
1
66
103
44
45
53
57
1
53
47
1
1
56
43
76
1
1
54
30
28
28
18
93
24
1
45
29
35
56
107
60
37
52
45
46
1
35
50
1
46
51
16
53
61
31
83
57
102
53
53
60
56
89
152
1
1
46
53
57
71
1
37
24
49
24
60
45
47
36
80
1
53
32
45
53
47
35
14
54
33
57
66
54
29
48
54
28
38
49
1
49
1
49
53
19
55
21
1
21
53
56
53
1
23
39
54
1
50
69
14
37
47
24
47
32
107
76
52
90
53
60
34
35
23
23
49
56
47
69
24
50
66
32
53
89
92
74
39
40
1
57
53
54
55
35
54
31
62
51
53
50
45
35
1
48
50
74
49
32
45
1
1
1
1
1
26
1
19
5
1
19
36
1
1
1
36
38
59
104
39
43
49
34
1
18
57
89
30
1
60
44
1
49
10
48
33
24
27
41
62
49
45
1
48
45
4
46
49
22
48
51
21
37
33
24
1
93
30
41
29
45
46
27
152
1
50
49
30
44
22
92
41
35
49
25
1
25
61
30
66
38
23
1
1
23
80
50
33
62
60
1
96
48
10
92
36
41
28
54
31
29
30
46
18
36
29
45
1
24
1
36
47
56
103
1
62
29
6
48
1
28
37
56
27
61
40
44
102
34
1
54
20
44
41
55
88
24
72
5
5
19
54
26
8
66
93
50
56
47
74
27
28
56
27
33
47
31
48
28
47
36
18
26
1
1
23
55
33
26
1
51
46
18
33
1
36
46
12
42
26
69
1
19
60
88
65
29
29
33
1
27
1
3
47
33
35
26
35
122
47
48
157
6
1
50
1
36
2
66
1
27
51
19
62
3
66
53
18
47
56
1
1
1
50
39
82
52
30
4
1
27
48
23
43
35
47
52
30
75
54
104
45
41
1
32
53
30
42
12
43
57
44
61
1
1
50
29
35
56
46
43
30
51
51
101
104
22
53
45
28
56
36
55
24
53
21
48
47
66
46
37
41
28
1
43
68
30
31
20
56
103
24
23
16
7
54
45
42
1
27
34
43
103
1
1
19
47
52
29
147
10
26
1
43
1
1
1
50
9
53
60
50
33
78
49
74
20
152
33
52
27
32
25
34
31
37
24
32
68
26
61
15
1
32
66
1
1
57
21
42
31
99
29
79
48
56
11
52
49
47
28
54
44
33
92
25
29
49
25
44
26
14
30
54
89
62
38
43
44
42
28
50
33
45
52
23
30
34
1
59
1
3
31
34
12
34
37
24
39
1
52
35
61
29
23
54
27
59
18
77
32
1
31
32
42
29
48
31
103
44
45
33
47
55
44
13
120
1
34
24
1
52
45
32
71
49
11
23
32
23
26
49
58
39
34
1
25
1
54
35
130
36
43
7
48
1
1
54
58
1
99
130
21
50
53
24
92
50
34
15
49
47
27
46
50
36
1
54
22
49
54
1
35
51
48
152
38
27
37
51
1
34
43
1
43
52
35
46
49
38
77
76
41
29
106
25
54
66
78
38
1
38
46
51
33
70
32
36
1
28
6
52
54
51
26
67
1
6
36
33
35
48
29
7
26
49
56
101
46
25
25
42
34
22
37
25
76
25
33
39
22
37
46
50
89
1
76
34
2
38
29
45
1
26
68
1
53
1
20
103
50
1
74
1
77
18
34
68
53
60
49
66
55
68
29
34
77
26
70
93
29
44
36
45
60
10
37
24
54
1
32
22
1
55
1
55
75
26
53
20
32
1
104
29
1
32
67
24
23
34
1
58
50
20
34
115
33
54
46
80
3
28
33
77
56
47
66
77
48
1
1
50
10
69
62
62
52
32
37
62
48
39
31
51
44
27
73
25
47
27
49
41
59
33
34
51
53
40
1
54
36
20
31
54
1
1
44
48
27
18
55
45
4
1
35
66
40
51
42
54
45
1
1
10
27
1
27
50
16
25
25
1
31
152
28
33
9
35
68
22
39
1
67
82
32
70
61
26
79
31
32
46
44
29
61
35
40
54
9
56
57
57
48
49
34
1
49
54
8
1
54
37
89
22
1
8
53
32
69
1
1
12
27
70
32
44
46
49
35
1
54
30
41
32
53
37
25
62
1
66
43
4
1
22
1
54
26
1
48
47
63
19
76
67
1
55
53
48
45
105
46
39
35
49
50
28
21
41
45
1
46
33
19
24
1
65
22
103
1
52
34
70
66
62
45
1
1
1
39
89
44
22
76
30
1
62
1
30
66
55
30
25
30
52
48
103
21
50
50
1
47
23
81
31
97
50
26
53
11
39
36
40
46
19
35
72
33
37
9
19
15
1
50
35
153
14
28
63
56
17
86
45
56
1
50
27
79
38
32
35
29
56
31
60
45
66
30
1
16
118
1
61
28
56
34
37
1
93
1
30
31
36
26
26
42
50
46
56
26
68
56
66
106
40
73
48
68
1
46
56
73
29
24
46
46
35
36
27
22
1
47
39
32
1
49
69
31
51
7
31
54
31
1
1
55
47
53
89
43
37
32
29
49
45
45
46
45
55
62
50
1
1
45
1
66
51
41
49
4
101
53
1
70
1
28
152
26
44
77
46
34
89
104
54
33
32
21
50
51
87
33
39
33
1
1
67
89
63
39
35
121
30
56
47
31
54
46
75
47
24
32
26
19
35
25
24
60
39
1
32
26
81
57
53
6
54
8
38
45
1
61
33
38
27
72
1
28
39
24
32
26
40
1
31
33
42
8
38
32
74
35
40
43
68
35
1
56
48
44
63
11
1
33
34
52
31
52
1
35
1
1
44
45
39
60
52
36
36
31
49
1
46
88
1
71
1
25
44
80
39
1
46
54
42
28
1
51
1
50
31
16
46
88
47
76
53
53
54
54
24
49
58
146
32
39
40
24
58
27
34
46
47
69
56
49
44
29
65
1
60
33
15
110
57
28
45
46
77
104
23
81
31
1
52
34
62
1
43
58
1
78
10
56
34
30
30
50
42
37
152
52
29
28
33
45
152
1
66
37
36
73
1
1
45
29
35
41
32
49
21
46
47
75
31
24
26
34
60
27
32
1
11
1
28
36
44
54
32
1
45
29
39
30
42
45
46
1
50
52
62
52
1
47
1
79
36
79
25
1
43
48
69
87
53
1
43
11
37
36
4
75
51
28
36
48
69
51
1
67
1
47
20
10
50
25
76
98
47
57
41
48
33
51
26
1
40
20
23
46
50
54
21
17
61
1
26
14
59
51
1
45
33
48
76
40
13
39
10
27
1
1
62
45
48
49
67
33
1
55
37
14
38
27
50
28
2
34
56
53
50
53
51
50
66
1
24
32
24
53
1
1
64
36
51
52
47
1
58
48
1
34
36
54
69
61
6
150
54
62
1
1
4
25
63
35
50
65
52
36
25
36
1
70
35
47
24
67
30
1
39
1
60
11
36
1
48
34
57
76
21
42
38
80
61
28
47
33
46
37
54
1
1
34
37
25
1
1
47
65
37
24
12
24
44
1
86
1
28
1
35
1
1
66
1
43
38
152
54
10
44
33
1
38
4
1
27
48
1
20
45
9
24
5
74
25
1
32
1
40
1
36
31
38
19
29
28
48
28
44
30
61
24
36
152
54
1
1
50
34
30
35
1
1
51
153
21
1
1
37
59
1
1
45
74
1
61
46
25
43
56
1
46
1
60
52
1
1
1
25
51
1
43
1
56
5
66
53
30
49
1
35
70
33
32
1
19
29
47
56
29
43
77
40
1
38
44
1
73
46
17
51
55
67
56
48
36
19
2
31
49
44
1
51
1
49
23
56
40
1
1
53
24
153
50
45
48
25
9
27
6
31
44
55
45
37
46
36
58
48
38
31
47
26
1
29
47
1
27
44
28
23
46
26
32
62
1
47
49
1
62
57
60
56
23
1
21
16
88
1
51
37
69
12
47
45
24
30
68
1
53
58
53
59
60
38
32
62
1
151
45
66
18
26
92
38
87
29
27
37
37
30
39
18
43
1
27
24
1
52
23
53
66
1
43
38
1
56
52
61
1
49
42
65
45
37
31
56
31
5
1
31
27
20
23
92
92
37
29
33
14
1
62
33
35
89
47
34
37
1
78
26
89
39
50
34
50
74
53
67
53
53
40
29
89
24
23
10
47
38
95
29
43
93
25
37
1
45
5
114
1
35
1
1
52
49
43
34
11
44
26
46
8
11
29
89
1
49
34
10
46
1
33
43
1
7
46
47
45
35
28
26
15
35
31
20
73
1
45
33
33
1
28
46
68
29
50
46
40
46
28
66
49
21
51
105
44
31
37
50
45
34
50
26
47
45
35
28
10
11
52
19
56
37
46
46
93
54
78
6
49
13
40
37
45
46
1
67
70
78
13
32
50
1
45
28
33
19
1
3
1
1
46
34
87
1
62
31
74
54
32
1
30
21
59
49
26
1
33
13
49
44
47
44
66
40
31
152
69
48
53
33
25
34
50
1
36
18
31
31
46
33
6
1
46
17
39
12
1
24
56
43
28
1
32
74
17
48
50
50
50
13
32
28
54
68
33
31
48
31
1
45
32
37
7
32
66
42
3
53
25
50
33
21
32
33
24
36
50
52
50
28
61
27
50
91
37
1
49
37
1
54
48
6
44
26
1
66
1
1
1
47
40
25
38
23
16
135
30
94
2
15
36
37
25
14
49
20
74
32
32
1
1
36
20
43
1
60
43
66
69
19
37
45
28
24
1
55
26
42
49
32
34
35
32
37
27
76
50
56
14
69
52
36
41
48
1
207
37
46
66
44
26
54
12
28
47
44
27
54
45
12
45
56
33
1
30
54
47
38
18
59
35
25
52
1
24
1
30
54
40
36
25
32
33
1
29
1
39
45
29
1
33
89
1
28
47
37
37
23
26
62
20
60
37
34
45
48
12
20
50
105
76
51
39
48
46
49
43
1
30
36
89
50
29
40
36
45
29
32
38
52
24
60
1
153
70
62
36
23
51
48
61
65
59
49
44
26
1
1
34
1
1
53
53
54
1
56
53
49
1
35
33
29
21
62
1
1
20
33
45
45
56
1
1
34
43
35
1
1
43
1
56
39
61
44
19
32
52
35
47
31
35
1
28
30
36
1
1
1
61
42
16
47
1
28
30
44
1
49
75
49
31
49
56
36
34
21
49
25
49
37
49
50
29
74
45
104
52
91
40
62
48
34
30
28
42
1
8
1
1
44
34
42
53
70
40
15
12
50
43
115
54
66
1
21
34
23
57
45
49
1
1
62
1
46
31
1
11
30
1
1
1
92
1
25
1
22
32
60
47
45
29
44
27
75
1
23
65
49
52
1
51
40
25
27
52
38
64
35
26
55
48
73
50
54
103
29
49
27
27
22
56
29
38
1
49
33
37
94
41
38
31
26
9
44
36
53
24
39
77
48
22
32
62
61
3
74
54
20
60
52
27
48
32
47
21
47
30
1
1
18
1
52
55
41
48
31
25
92
1
41
93
46
21
50
45
45
63
66
71
66
23
55
61
53
9
57
35
47
1
1
47
32
41
1
59
62
44
49
70
1
1
47
51
12
48
65
53
33
1
147
6
47
23
16
40
24
32
60
1
68
44
27
74
34
1
21
44
60
56
48
56
47
53
52
40
30
1
50
41
1
31
45
55
88
49
62
1
35
67
45
1
1
1
31
45
41
30
10
36
39
57
46
32
1
47
47
45
20
37
26
90
54
28
45
12
48
1
26
29
1
48
30
70
82
50
31
46
37
37
31
51
1
49
1
50
52
45
55
1
1
60
147
1
48
12
1
11
53
47
56
26
45
1
1
1
44
27
56
1
45
37
19
47
31
40
63
62
34
39
42
80
50
53
30
44
50
1
3
31
29
36
35
28
1
63
69
1
42
33
34
23
54
33
31
45
1
28
1
70
24
45
49
32
1
44
8
51
61
61
36
1
50
28
183
36
45
33
7
30
1
60
32
45
1
59
51
36
61
53
26
37
26
39
106
1
44
27
65
54
11
63
30
1
53
24
49
31
26
33
39
63
32
54
24
40
29
28
1
28
74
50
1
72
12
23
31
16
1
43
52
1
29
44
29
34
51
53
10
43
56
75
1
56
34
70
1
1
26
32
1
1
88
49
66
52
1
74
50
82
35
42
53
62
27
31
22
37
35
37
56
30
45
1
33
44
24
50
56
23
61
52
31
47
66
1
91
22
62
24
37
29
28
27
39
36
1
104
41
44
27
60
60
1
53
6
50
25
62
51
46
12
34
40
54
46
97
54
1
100
46
22
66
32
31
46
1
151
1
1
16
48
35
65
104
56
41
1
1
23
32
23
33
27
1
22
37
36
1
65
26
34
53
33
38
39
1
54
31
54
33
33
34
1
49
92
23
46
40
1
30
78
49
35
37
1
1
69
32
28
1
48
34
45
1
36
52
53
50
56
18
29
46
32
47
1
35
27
22
1
75
23
70
45
27
47
56
62
39
50
53
52
1
1
62
52
45
1
1
45
28
47
51
55
74
31
1
34
60
1
37
25
26
32
80
51
32
33
51
21
1
19
18
21
21
38
47
38
50
24
8
8
36
33
32
74
56
18
8
47
33
22
79
28
1
30
1
43
1
47
1
42
24
12
44
149
54
1
88
45
28
6
35
28
29
1
66
34
1
1
31
26
35
27
1
32
50
1
35
39
28
41
100
56
46
36
49
36
32
27
134
29
34
48
10
44
36
74
42
45
32
33
68
27
54
32
55
37
1
4
1
60
14
54
66
1
48
45
33
44
52
16
48
77
49
30
54
89
1
26
1
1
54
40
43
17
29
52
51
29
30
41
1
53
70
27
49
45
62
151
53
60
31
37
1
60
48
44
53
49
93
56
26
1
20
41
64
37
19
46
12
32
25
1
74
52
77
40
151
48
51
56
12
70
45
8
38
61
1
47
59
150
38
37
63
1
45
38
1
21
1
9
1
49
7
43
28
53
1
25
57
10
1
44
41
56
37
1
29
20
104
31
1
62
24
54