41
36
44
62
27
20
38
36
34
50
11
42
29
31
29
46
28
63
18
49
35
36
42
33
15
47
21
1
38
36
37
39
5
29
8
29
27
33
4
2
28
43
57
31
25
36
37
31
38
16
53
27
36
50
55
47
31
37
38
28
32
58
27
42
32
1
59
35
6
22
36
4
43
10
41
43
49
31
24
32
29
34
5
1
1
9
40
31
26
22
31
36
36
51
41
20
3
1
10
26
43
42
36
37
54
47
32
36
61
26
26
48
32
30
22
50
39
51
36
18
36
47
50
35
43
35
30
37
36
29
51
1
33
36
25
33
33
51
39
38
1
51
63
27
1
35
34
37
21
15
32
33
42
46
36
32
31
30
43
35
52
37
28
1
1
38
11
34
47
27
47
47
51
32
32
41
33
1
26
32
64
22
1
36
32
28
36
1
33
47
63
30
31
64
34
42
23
30
35
31
32
50
53
25
42
64
47
35
48
33
30
39
1
36
40
23
42
39
18
45
33
29
37
36
29
43
37
30
33
1
29
17
29
32
25
32
35
16
24
54
17
32
31
30
30
33
55
26
32
49
29
22
40
1
28
43
43
53
20
31
38
52
23
31
43
35
32
35
64
39
9
25
27
31
52
38
60
35
36
24
53
40
32
38
32
50
35
19
26
28
19
20
31
31
22
48
31
33
6
45
35
11
27
57
31
33
26
36
49
33
37
40
54
34
28
30
36
33
37
65
31
42
18
36
26
35
1
32
46
25
7
36
32
25
35
32
33
1
27
41
47
35
36
23
44
32
38
20
34
33
56
31
62
51
21
45
45
53
3
51
30
37
36
31
29
20
36
26
31
29
57
33
49
22
59
43
32
15
18
24
37
39
10
32
16
30
52
41
58
27
35
17
30
33
27
1
58
23
35
35
39
43
35
40
39
34
59
28
27
51
34
17
36
25
33
35
31
64
48
32
24
31
40
5
20
2
56
32
47
31
50
32
32
36
54
28
53
37
24
39
33
19
53
40
1
31
51
33
33
26
41
33
36
33
31
1
37
1
32
42
44
32
30
36
33
48
31
37
31
7
31
32
28
42
64
36
18
39
58
43
28
24
47
27
38
2
46
37
54
32
31
18
21
33
32
53
56
2
51
31
32
32
58
59
19
40
32
45
33
33
31
65
41
19
1
8
28
41
40
4
19
17
29
21
29
25
35
33
32
53
30
19
30
41
25
53
34
36
28
43
20
40
36
36
58
41
26
23
28
21
29
46
38
48
39
42
24
21
42
31
33
51
41
34
45
36
13
34
31
34
34
28
39
35
33
32
63
28
23
31
36
5
20
30
34
6
38
42
31
30
23
39
36
41
27
47
46
8
54
4
20
25
31
16
33
46
49
39
51
19
61
36
47
29
33
65
1
51
33
34
1
48
39
35
32
40
49
11
44
32
24
38
65
37
33
57
32
50
6
26
17
1
39
29
34
58
28
30
36
35
38
29
30
32
32
37
36
26
47
31
53
37
31
54
28
23
35
23
36
32
2
35
30
40
1
37
34
26
17
25
19
21
30
38
35
32
31
31
18
21
33
36
32
37
54
29
36
53
37
33
41
27
29
23
22
39
31
16
41
37
25
39
22
55
40
31
31
28
41
50
36
33
50
34
48
40
14
32
27
33
32
28
51
36
48
12
39
51
22
46
47
28
34
54
32
33
5
24
32
20
29
12
29
28
35
33
41
28
9
62
1
11
46
33
35
50
1
1
53
36
28
36
34
21
56
36
9
23
50
33
33
54
32
37
1
12
25
34
36
34
47
27
7
36
46
43
51
30
47
44
27
50
28
1
33
39
28
12
33
30
1
27
36
37
32
6
14
20
52
18
34
41
32
50
33
36
1
1
33
56
35
30
38
33
36
6
1
31
47
31
24
20
47
41
14
23
17
25
39
33
63
31
28
32
31
33
36
31
50
34
31
40
39
25
32
32
56
27
39
30
42
35
23
63
33
24
31
36
22
51
37
30
17
5
49
36
18
37
36
33
31
39
31
36
40
33
19
52
36
32
31
44
40
37
34
40
36
36
31
37
41
3
31
40
33
19
38
1
34
34
32
41
1
36
53
32
50
38
27
33
47
63
33
44
47
33
38
53
12
22
34
34
46
47
3
29
30
40
38
33
30
38
33
4
1
1
37
23
42
48
32
51
1
2
34
53
36
31
42
20
37
3
40
42
33
5
49
29
32
33
39
32
39
34
40
35
33
36
32
33
30
41
35
32
31
10
36
38
31
35
34
39
17
1
31
55
49
33
28
37
30
2
21
42
32
31
15
52
43
38