22
34
1
25
32
34
43
33
30
46
31
32
32
32
39
43
1
1
51
74
42
34
36
36
33
51
1
35
33
42
43
101
35
35
34
16
9
1
33
44
43
36
2
26
50
31
38
17
52
51
33
6
1
35
36
52
32
1
32
33
36
33
1
37
37
1
1
76
51
35
1
34
43
32
1
1
28
1
33
34
52
34
33
28
1
29
27
52
34
51
52
26
53
29
51
42
29
32
41
1
1
1
31
35
40
28
37
32
1
33
1
16
33
2
10
43
21
24
41
35
33
1
21
51
30
31
32
50
33
37
38
35
33
51
34
51
43
34
34
39
4
30
42
51
43
43
1
8
33
1
33
38
38
37
33
45
1
1
32
34
29
50
44
30
51
33
34
33
25
43
38
38
30
52
50
25
1
43
30
15
33
1
34
34
52
33
50
31
29
52
32
35
1
33
29
1
1
1
65
51
43
32
38
27
34
27
51
1
43
31
33
62
51
38
35
43
33
1
37
32
30
1
52
51
33
50
35
43
40
85
34
34
41
52
34
30
23
34
1
38
51
47
52
1
34
33
10
39
33
32
30
33
69
34
42
35
1
15
26
39
27
52
44
31
52
42
51
50
1
37
1
33
1
35
1
30
52
35
33
32
1
1
34
10
69
37
26
35
35
35
1
51
34
33
1
36
35
47
49
34
32
1
29
31
38
31
51
31
32
34
51
30
38
52
31
29
8
51
1
25
25
1
31
32
29
32
48
36
31
42
33
1
36
29
26
33
51
70
35
1
28
53
51
50
1
36
51
33
101
36
42
38
33
43
51
1
31
51
33
37
37
38
33
43
1
25
1
9
36
12
4
40
34
42
34
51
33
34
34
38